0 1 8
1 2 10
2 2 9
3 2 9
4 2 9
5 3 50
6 4 8
7 4 11
8 5 52
9 9 47
10 13 18
11 13 15
12 14 18
13 16 22
14 17 21
15 17 19
16 19 22
17 23 36
18 23 28
19 24 40
20 25 34
21 25 27
22 26 33
23 27 32
24 28 37
25 29 41
26 29 30
27 30 36
28 31 35
29 31 40
30 32 87
31 33 41
32 34 38
33 35 37
34 42 45
35 42 43
36 43 46
37 44 46
38 49 52
39 50 51
40 51 53
41 57 65
42 60 75
43 61 63
44 66 69
45 68 71
46 72 75
47 72 83
48 73 74
49 73 78
50 74 76
51 76 83
52 77 79
53 77 81
54 78 79
55 80 81
56 80 82
57 84 85
58 85 87
59 86 54
60 54 9
61 84 86
62 9 23
63 23 82
64 64 0
65 20 62
66 59 9
67 66 63
68 23 64
69 67 71
70 70 62
71 59 62
72 56 61
73 67 58
74 58 56
75 60 23
76 69 64
77 68 65
78 57 70
79 0 9
80 54 55
81 9 55
82 2 49
83 2 53
84 48 2
85 48 7
86 21 44
87 45 47
88 12 9
89 38 39
90 23 39
91 39 9
92 24 26
93 16 2
94 15 2
95 20 14
96 2 9
97 12 2
98 6 10
99 3 11
100 2 1
101 5 11
102 6 7
103 10 0
